.Random.seed <-
c(403L, 10L, 927955686L, 1225840257L, 1870952979L, 1894006210L, 
-1841023372L, -1304934281L, 1432807789L, -264483324L, -1303528150L, 
1747032725L, 429175087L, 1344144438L, 1580179552L, -791984477L, 
729530817L, 1702428080L, -96537394L, -831462855L, 15922251L, 
-1474030086L, 1564578044L, -354122433L, 965949973L, 1895698732L, 
123961858L, 995512541L, -1981307945L, 1060871870L, 1861855480L, 
-2005641509L, 671919417L, -1858324344L, -866205642L, -1490029455L, 
1199586979L, 473494514L, 695699268L, 637339655L, 338421213L, 
-524213548L, 1944956410L, -1065139899L, -1994652257L, -1199556826L, 
-1326311504L, -754666413L, -1570181263L, 83797664L, 558811710L, 
-1496456887L, -2069176325L, 687506378L, 1478499628L, 1906733359L, 
-1445666843L, 749108892L, -90010894L, -2068763795L, -191621977L, 
698306254L, 1326097448L, -801654741L, -2029749687L, -882977960L, 
-951296506L, -1688918047L, -843401869L, -1374937630L, -1713335980L, 
-175939497L, -488575923L, 773414884L, 893447626L, -468323275L, 
728683151L, -1649898602L, 412440384L, -1540605437L, 942792737L, 
-1395602672L, -713414418L, -1945384807L, -1015481045L, -1473088486L, 
-604592420L, -1333571873L, 99887285L, -820863412L, -2017951070L, 
-1801188867L, 1549026039L, 1919149086L, -862769448L, -860204485L, 
-924536871L, 1945826664L, -2104490858L, 214958609L, -1200260157L, 
-1198577710L, 1597510244L, 731722151L, 33918717L, -831259916L, 
-1772188198L, 701792549L, -858154945L, -1897703482L, 1603349584L, 
-1748483981L, -1008724847L, -419994432L, 1570219678L, 1310874217L, 
-704488805L, -1287137366L, -1324334132L, 682155663L, 1942044357L, 
-388188548L, 1011374802L, -774984115L, -323009785L, 708994798L, 
1156645832L, 1795437771L, 921890089L, -305570440L, 1697522342L, 
1297073345L, 251893075L, -1147497982L, -1354544332L, -1766545225L, 
-427872083L, 142716356L, -1720689174L, 166920789L, 930147311L, 
-2003792906L, 548248864L, -509807901L, 682910593L, -1059424784L, 
-1350824818L, 396604409L, 1128124811L, -463057478L, -330705732L, 
778684415L, 534914389L, 2107684460L, 384041666L, 354944285L, 
1018739607L, 953675518L, -572076872L, 612376219L, 741821689L, 
499756616L, 581355894L, 1904947377L, -724179741L, -1156877390L, 
-1994486780L, 88936263L, -196688355L, -580330348L, 129829946L, 
1130636933L, 304273247L, -983025690L, -492570000L, 1597296019L, 
1641429553L, -1488455456L, 1325437310L, -459942903L, 1500206139L, 
-367904246L, -1578974740L, -1555949969L, -1253533275L, -497016484L, 
1662467378L, -1763630035L, 392960743L, -956542962L, -1590435352L, 
1070048235L, 554941577L, -379820008L, -863447226L, -806550111L, 
88316979L, 1033662882L, -2061785964L, 377246487L, -282370803L, 
-2078548956L, -305402870L, -1496166027L, -62887729L, 552750038L, 
-302759040L, 72161219L, 2013086049L, -46430256L, -1690366162L, 
-1203850535L, 1732219115L, -135954086L, -102339812L, 124313119L, 
-1280301451L, 1007670028L, -1437348126L, 871359421L, -737962953L, 
153073374L, 2085257752L, 72174971L, -1494285031L, 659360168L, 
1867316566L, -1018626607L, 1683846531L, 579648716L, -1259882500L, 
531031474L, -996504080L, -197362748L, 482925912L, 1156772218L, 
1507036080L, -1376304708L, -1794324396L, 426028994L, -1714325472L, 
1006704828L, 2120925776L, 1965706210L, -922605464L, -1157809076L, 
16808188L, 42302450L, 1794103552L, 968638836L, 662733832L, 677969850L, 
-593456688L, 1106926572L, -1855161964L, -485522990L, -510570144L, 
1919807308L, 1667852576L, 1788893058L, 802148072L, -2117066516L, 
1133012028L, 1844919154L, -681834896L, 1826704420L, -780074184L, 
466533530L, 1085377232L, 1151803580L, 1152278164L, -1190957438L, 
1832827072L, -560850116L, 437595280L, -249299422L, -1985544184L, 
1489257740L, 329868444L, -2100797934L, -292425856L, 165717524L, 
-1801387480L, -1061253830L, -694787632L, -29352852L, 1544501556L, 
-1131188590L, -1175358624L, 112534348L, 1184659424L, -1787742302L, 
412694440L, -2077225588L, 1812689084L, -513724046L, 1652124912L, 
-1011240892L, 1838586200L, -1981489606L, -328033424L, 446142524L, 
190953236L, 1159667138L, 56021728L, 1289056124L, 262184656L, 
82104482L, 258540584L, -688683764L, 368431036L, -946114254L, 
894939584L, -731129292L, 349647816L, 1652052154L, 330942864L, 
-1169806868L, 861706836L, 1742448786L, -1058961632L, -1302548020L, 
601392608L, -376400190L, -2132714456L, -2119689556L, -563374916L, 
-441884174L, 1363271984L, 101932196L, -604483912L, 1379478874L, 
805227920L, -992789636L, -189038316L, -148188350L, 2144217856L, 
36313020L, 35981136L, -94637278L, 303068488L, 150635020L, -2131142564L, 
-779815726L, 565387776L, -1626319532L, -1670405656L, 1064242170L, 
78106832L, 2052214060L, 115147508L, -466472558L, -907967392L, 
1145146636L, -513096992L, 931615074L, 1457748648L, 188768844L, 
-1674008196L, 1694981426L, 1324367984L, -1019601084L, 358503896L, 
-190473094L, -248295888L, -1477897540L, -371566764L, 1776235586L, 
826727840L, 1779468988L, 867078608L, 645879138L, 951435240L, 
-1801650228L, -602659076L, 1592408562L, 943894656L, -568501004L, 
-1752842616L, 553234234L, -584287408L, 1367662188L, -1135396716L, 
78948690L, -1329899808L, -676816180L, -1407471456L, 108174210L, 
-1181166872L, 510423788L, -1644524484L, -1758172558L, 2087601264L, 
-38683100L, -1682736072L, -1737717734L, 364755664L, 781929532L, 
-1098185580L, 1888574594L, 1876869056L, -1282264772L, -784147824L, 
1192829986L, 1211778056L, 378636428L, 216560668L, 1141403282L, 
2114126976L, -102494188L, 308092200L, -26677702L, 1037651152L, 
585745516L, 182248116L, 242995218L, 128194528L, -307816500L, 
-14418464L, 1487091234L, 71328040L, -1217308404L, 1472136764L, 
1723724018L, -1885920528L, -1927068860L, -1370238376L, -1805854150L, 
1793031920L, -1330944836L, 1244550676L, -431343422L, -911919008L, 
-1326377604L, -2065115952L, 628022306L, 1481073320L, -65628276L, 
1887924668L, 109786162L, 537737024L, -379283276L, -863712440L, 
-1866933574L, -623864048L, -1502371604L, -1552186284L, -1799418094L, 
-702997600L, 1379594188L, -1909830816L, -714157886L, -1830099416L, 
1625965996L, 1654693692L, 1824135026L, -3834898L, -2023374212L, 
-1841184019L, -2104175209L, 22400608L, 549254206L, -1518398197L, 
1158915981L, 1084257466L, -2060487944L, -139515743L, -1858745261L, 
-708247692L, 1295822082L, -1022184041L, -2057695391L, 1617836966L, 
1110742436L, -179680171L, 902742271L, -714721896L, 1987165878L, 
-377094333L, -693759355L, -2017093854L, -1650408432L, 420497337L, 
-535500693L, -1864309924L, 303518346L, -1250980225L, 417841097L, 
1922749534L, 998227724L, -80445731L, -530135065L, -2104407024L, 
-334749394L, -1810668069L, 1213246141L, -151646166L, 1188473032L, 
1974480369L, 196139875L, 2032319332L, 2027336338L, 193392487L, 
-1921072847L, -207328650L, 505535380L, 1560055717L, -1826283345L, 
-141140632L, -2126750394L, 905592051L, -2137529771L, 1361165874L, 
1721424896L, 1316745449L, -1971763365L, -1118944852L, 934306234L, 
2142502767L, 1641324793L, 1981478286L, 2098096220L, 1146211021L, 
36810295L, 1415451840L, 4320158L, 1238145131L, -1374963731L, 
-1921607078L, 1250999576L, -1987835263L, 755660851L, -1435935148L, 
1069398626L, -1157034761L, 934049601L, 2140796358L, 1461692164L, 
992801461L, 1447538079L, 215343608L, 2072506326L, -1602540957L, 
402674213L, 259029442L, 1944813232L, -1340684583L, -4931509L, 
939630268L, 1468321002L, 1446893855L, -553416279L, 979185470L, 
-1266828756L, 2115061885L, 1774566087L, -1984183376L, -1417194034L, 
-292395269L, 1550490973L, 2071434890L, -422808408L, 962867217L, 
1993711875L, -1607463932L, 774505522L, 767618183L, 1236748497L, 
-1319884202L, -331566540L, 424130885L, 952902543L, 424634120L, 
-782757594L, -66670125L, 1553799989L, -1945232750L, 1489223264L, 
402524105L, -916883717L, -1236395828L, -674229926L, -895869873L, 
395792665L, -374920402L, -189811396L, -1245760851L, 1405734231L, 
2052762784L, 1810778622L, 758600907L, -49429811L, 1994202618L, 
-2078020040L, -937921567L, 886168723L, -717834572L, 250325954L, 
